717894133|53.866|20230212|2093.22|
108718913|54.049|20230212|1981.16|
42186506|60.619|20220727|1797.2|
51037623|61.399|20220727|1731.78|
24538272|62.82|20220727|1663.74|
707073733|66.016|20221204|1577.81|
52545678|71.549|20230212|1473.1|
237582229|75|20221221|1402.24|
36216204|75.98|20220727|1361.2|
151293911|78.283|20230223|1310.12|
45409459|81.929|20221128|1250.92|
17518152|94.84|20221128|1130.68|
67207100|97.92|20220727|1088.78|
40048029|103.75|20221216|1034.09|
43473770|134.32|20220727|880.11|
169305975|174.2|20221127|748.611|
eof